0.189087745
0.091022907
0.155890496
0.395006419
0.377641073
0.404140005
0.116506697
0.087600624
0.068761079
0.215187368
0.195084124
0.246368868
0.106896432
0.094201496
0.080013963
0.568426266
0.199395075
0.163340127
0.200731053
0.257444223
0.359387917
0.222283948
0.227682409
0.123309716
0.472655358
0.181481879
0.304971006
0.066389482
0.321483796
0.174279118
0.082046774
0.201809428
0.176383983
0.158801173
0.185887682
0.310320075
0.116412019
0.373206641
0.336813588
0.162147205
0.171829042
0.525983768
0.706615444
0.289540278
0.060901765
0.090693133
0.090219499
0.668567972
0.096162265
0.149303321
0.201191068
0.047883715
0.116924185
0.3895134
0.408170742
0.595018874
0.086327079
0.124014939
0.540781308
0.218560481
0.661257355
0.209731218
0.351040689
0.433508383
0.19314679
0.319359907
0.407982308
0.406934699
0.10545506
0.162625875
0.1731596
0.509411022
0.203946261
0.4491732
0.070079518
0.051635493
0.171178223
0.078109397
0.388473091
0.119358924
0.126099918
0.196118583
0.086818761
0.05988899
0.04200904
0.150360537
0.160720778
0.163379531
0.175052371
0.32333666
0.102083518
0.198684826
0.232959534
0.181781667
0.268355937
0.713400905
0.126155498
0.141725675
0.070871713
0.068555162
